Wavelengths from GOLEM Shot 51111 - Mini Spectrometer
Total points: 2047
Range: 188.112890 - 1108.533704 nm
======================================================================

0  188.1128901343  0.082
1  188.5896205839  0.082
2  189.0663262465  0.082
3  189.5430071199  0.083
4  190.0196632020  0.083
5  190.4962944905  0.083
6  190.9729009834  0.084
7  191.4494826783  0.084
8  191.9260395732  0.084
9  192.4025716658  0.085
10  192.8790789540  0.085
11  193.3555614355  0.085
12  193.8320191082  0.086
13  194.3084519699  0.086
14  194.7848600184  0.086
15  195.2612432516  0.087
16  195.7376016671  0.087
17  196.2139352630  0.087
18  196.6902440369  0.088
19  197.1665279866  0.088
20  197.6427871101  0.088
21  198.1190214051  0.089
22  198.5952308694  0.089
23  199.0714155009  0.089
24  199.5475752973  0.09
25  200.0237102565  0.09
26  200.4998203763  0.09
27  200.9759056545  0.091
28  201.4519660889  0.091
29  201.9280016774  0.091
30  202.4040124177  0.092
31  202.8799983076  0.092
32  203.3559593451  0.092
33  203.8318955278  0.093
34  204.3078068537  0.093
35  204.7836933204  0.093
36  205.2595549259  0.094
37  205.7353916680  0.094
38  206.2112035444  0.094
39  206.6869905531  0.095
40  207.1627526917  0.095
41  207.6384899581  0.095
42  208.1142023502  0.096
43  208.5898898657  0.096
44  209.0655525024  0.096
45  209.5411902583  0.097
46  210.0168031310  0.097
47  210.4923911184  0.097
48  210.9679542183  0.098
49  211.4434924286  0.098
50  211.9190057471  0.098
51  212.3944941714  0.099
52  212.8699576996  0.099
53  213.3453963294  0.099
54  213.8208100585  0.1
55  214.2961988849  0.1
56  214.7715628064  0.1
57  215.2469018207  0.101
58  215.7222159256  0.101
59  216.1975051191  0.101
60  216.6727693988  0.102
61  217.1480087627  0.102
62  217.6232232084  0.102
63  218.0984127340  0.103
64  218.5735773370  0.103
65  219.0487170155  0.103
66  219.5238317671  0.104
67  219.9989215898  0.104
68  220.4739864812  0.104
69  220.9490264393  0.105
70  221.4240414619  0.105
71  221.8990315467  0.105
72  222.3739966916  0.106
73  222.8489368944  0.106
74  223.3238521529  0.106
75  223.7987424649  0.107
76  224.2736078282  0.107
77  224.7484482407  0.107
78  225.2232637002  0.108
79  225.6980542044  0.108
80  226.1728197513  0.108
81  226.6475603386  0.109
82  227.1222759641  0.109
83  227.5969666256  0.109
84  228.0716323210  0.11
85  228.5462730481  0.11
86  229.0208888046  0.11
87  229.4954795885  0.111
88  229.9700453974  0.111
89  230.4445862293  0.111
90  230.9191020820  0.112
91  231.3935929532  0.112
92  231.8680588408  0.112
93  232.3424997426  0.113
94  232.8169156564  0.113
95  233.2913065800  0.113
96  233.7656725113  0.114
97  234.2400134480  0.114
98  234.7143293879  0.114
99  235.1886203290  0.115
100  235.6628862690  0.115
101  236.1371272056  0.115
102  236.6113431368  0.116
103  237.0855340604  0.116
104  237.5596999740  0.116
105  238.0338408757  0.117
106  238.5079567632  0.117
107  238.9820476342  0.117
108  239.4561134867  0.118
109  239.9301543184  0.118
110  240.4041701272  0.118
111  240.8781609108  0.119
112  241.3521266671  0.119
113  241.8260673938  0.119
114  242.2999830889  0.12
115  242.7738737501  0.12
116  243.2477393753  0.12
117  243.7215799622  0.121
118  244.1953955087  0.121
119  244.6691860125  0.121
120  245.1429514716  0.122
121  245.6166918836  0.122
122  246.0904072465  0.122
123  246.5640975580  0.123
124  247.0377628160  0.123
125  247.5114030183  0.123
126  247.9850181626  0.124
127  248.4586082469  0.124
128  248.9321732688  0.124
129  249.4057132263  0.125
130  249.8792281172  0.125
131  250.3527179392  0.125
132  250.8261826901  0.126
133  251.2996223679  0.126
134  251.7730369703  0.126
135  252.2464264951  0.127
136  252.7197909401  0.127
137  253.1931303032  0.127
138  253.6664445821  0.128
139  254.1397337748  0.128
140  254.6129978789  0.128
141  255.0862368923  0.129
142  255.5594508129  0.129
143  256.0326396384  0.129
144  256.5058033667  0.13
145  256.9789419955  0.13
146  257.4520555227  0.13
147  257.9251439462  0.131
148  258.3982072636  0.131
149  258.8712454729  0.131
150  259.3442585718  0.132
151  259.8172465582  0.132
152  260.2902094298  0.132
153  260.7631471846  0.133
154  261.2360598202  0.133
155  261.7089473346  0.133
156  262.1818097255  0.134
157  262.6546469908  0.134
158  263.1274591282  0.134
159  263.6002461356  0.135
160  264.0730080108  0.135
161  264.5457447516  0.135
162  265.0184563558  0.136
163  265.4911428213  0.136
164  265.9638041458  0.136
165  266.4364403273  0.137
166  266.9090513633  0.137
167  267.3816372519  0.137
168  267.8541979908  0.137
169  268.3267335779  0.138
170  268.7992440109  0.138
171  269.2717292876  0.138
172  269.7441894059  0.139
173  270.2166243636  0.139
174  270.6890341585  0.139
175  271.1614187885  0.14
176  271.6337782513  0.14
177  272.1061125447  0.14
178  272.5784216666  0.141
179  273.0507056147  0.141
180  273.5229643870  0.141
181  273.9951979812  0.142
182  274.4674063951  0.142
183  274.9395896265  0.142
184  275.4117476733  0.143
185  275.8838805333  0.143
186  276.3559882042  0.143
187  276.8280706840  0.144
188  277.3001279703  0.144
189  277.7721600611  0.144
190  278.2441669541  0.145
191  278.7161486472  0.145
192  279.1881051382  0.145
193  279.6600364249  0.146
194  280.1319425051  0.146
195  280.6038233765  0.146
196  281.0756790372  0.147
197  281.5475094847  0.147
198  282.0193147171  0.147
199  282.4910947320  0.148
200  282.9628495273  0.148
201  283.4345791008  0.148
202  283.9062834504  0.149
203  284.3779625738  0.149
204  284.8496164688  0.149
205  285.3212451333  0.15
206  285.7928485651  0.15
207  286.2644267620  0.15
208  286.7359797218  0.151
209  287.2075074424  0.151
210  287.6790099215  0.151
211  288.1504871569  0.152
212  288.6219391465  0.152
213  289.0933658881  0.152
214  289.5647673795  0.153
215  290.0361436186  0.153
216  290.5074946030  0.153
217  290.9788203308  0.154
218  291.4501207995  0.154
219  291.9213960072  0.154
220  292.3926459515  0.155
221  292.8638706304  0.155
222  293.3350700416  0.155
223  293.8062441829  0.156
224  294.2773930522  0.156
225  294.7485166473  0.156
226  295.2196149659  0.157
227  295.6906880059  0.157
228  296.1617357652  0.157
229  296.6327582414  0.158
230  297.1037554326  0.158
231  297.5747273363  0.158
232  298.0456739506  0.159
233  298.5165952731  0.159
234  298.9874913018  0.159
235  299.4583620343  0.16
236  299.9292074686  0.16
237  300.4000276025  0.16
238  300.8708224337  0.161
239  301.3415919601  0.161
240  301.8123361795  0.161
241  302.2830550897  0.162
242  302.7537486885  0.162
243  303.2244169737  0.162
244  303.6950599433  0.163
245  304.1656775948  0.163
246  304.6362699263  0.163
247  305.1068369355  0.164
248  305.5773786201  0.164
249  306.0478949781  0.164
250  306.5183860073  0.165
251  306.9888517054  0.165
252  307.4592920703  0.165
253  307.9297070997  0.166
254  308.4000967916  0.166
255  308.8704611437  0.166
256  309.3408001538  0.167
257  309.8111138198  0.167
258  310.2814021394  0.167
259  310.7516651105  0.168
260  311.2219027309  0.168
261  311.6921149984  0.168
262  312.1623019109  0.169
263  312.6324634660  0.169
264  313.1025996618  0.169
265  313.5727104958  0.17
266  314.0427959661  0.17
267  314.5128560704  0.17
268  314.9828908065  0.17
269  315.4529001722  0.171
270  315.9228841654  0.171
271  316.3928427838  0.171
272  316.8627760253  0.172
273  317.3326838877  0.172
274  317.8025663687  0.172
275  318.2724234663  0.173
276  318.7422551783  0.173
277  319.2120615023  0.173
278  319.6818424364  0.174
279  320.1515979782  0.174
280  320.6213281256  0.174
281  321.0910328764  0.175
282  321.5607122285  0.175
283  322.0303661796  0.175
284  322.4999947275  0.176
285  322.9695978701  0.176
286  323.4391756052  0.176
287  323.9087279306  0.177
288  324.3782548441  0.177
289  324.8477563435  0.177
290  325.3172324266  0.178
291  325.7866830914  0.178
292  326.2561083355  0.178
293  326.7255081567  0.179
294  327.1948825530  0.179
295  327.6642315221  0.179
296  328.1335550619  0.18
297  328.6028531700  0.18
298  329.0721258445  0.18
299  329.5413730830  0.181
300  330.0105948834  0.181
301  330.4797912435  0.181
302  330.9489621612  0.181
303  331.4181076342  0.181
304  331.8872276603  0.182
305  332.3563222374  0.182
306  332.8253913633  0.182
307  333.2944350357  0.182
308  333.7634532526  0.182
309  334.2324460117  0.182
310  334.7014133109  0.182
311  335.1703551479  0.183
312  335.6392715206  0.183
313  336.1081624268  0.183
314  336.5770278642  0.183
315  337.0458678308  0.183
316  337.5146823244  0.183
317  337.9834713426  0.183
318  338.4522348835  0.184
319  338.9209729447  0.184
320  339.3896855241  0.184
321  339.8583726195  0.184
322  340.3270342287  0.184
323  340.7956703496  0.184
324  341.2642809799  0.184
325  341.7328661175  0.183
326  342.2014257601  0.183
327  342.6699599057  0.183
328  343.1384685520  0.183
329  343.6069516968  0.183
330  344.0754093379  0.183
331  344.5438414732  0.183
332  345.0122481005  0.182
333  345.4806292175  0.182
334  345.9489848222  0.182
335  346.4173149123  0.182
336  346.8856194856  0.182
337  347.3538985399  0.182
338  347.8221520731  0.182
339  348.2903800830  0.182
340  348.7585825674  0.181
341  349.2267595241  0.181
342  349.6949109509  0.181
343  350.1630368456  0.181
344  350.6311372061  0.181
345  351.0992120302  0.18
346  351.5672613156  0.18
347  352.0352850603  0.18
348  352.5032832619  0.179
349  352.9712559184  0.179
350  353.4392030275  0.179
351  353.9071245871  0.179
352  354.3750205949  0.178
353  354.8428910488  0.178
354  355.3107359467  0.178
355  355.7785552862  0.178
356  356.2463490653  0.177
357  356.7141172817  0.177
358  357.1818599333  0.177
359  357.6495770178  0.176
360  358.1172685332  0.176
361  358.5849344771  0.176
362  359.0525748475  0.176
363  359.5201896421  0.175
364  359.9877788588  0.175
365  360.4553424953  0.175
366  360.9228805495  0.175
367  361.3903930192  0.174
368  361.8578799022  0.174
369  362.3253411963  0.174
370  362.7927768994  0.174
371  363.2601870092  0.173
372  363.7275715236  0.173
373  364.1949304404  0.173
374  364.6622637574  0.173
375  365.1295714724  0.172
376  365.5968535833  0.172
377  366.0641100877  0.172
378  366.5313409837  0.172
379  366.9985462689  0.172
380  367.4657259412  0.171
381  367.9328799984  0.171
382  368.4000084383  0.171
383  368.8671112588  0.171
384  369.3341884576  0.17
385  369.8012400326  0.17
386  370.2682659815  0.17
387  370.7352663023  0.17
388  371.2022409927  0.171
389  371.6691900505  0.171
390  372.1361134735  0.171
391  372.6030112596  0.171
392  373.0698834065  0.172
393  373.5367299122  0.172
394  374.0035507743  0.172
395  374.4703459907  0.172
396  374.9371155593  0.172
397  375.4038594779  0.173
398  375.8705777441  0.173
399  376.3372703560  0.173
400  376.8039373113  0.173
401  377.2705786077  0.174
402  377.7371942432  0.174
403  378.2037842155  0.174
404  378.6703485224  0.174
405  379.1368871619  0.175
406  379.6034001316  0.175
407  380.0698874294  0.175
408  380.5363490531  0.176
409  381.0027850005  0.176
410  381.4691952695  0.177
411  381.9355798578  0.177
412  382.4019387633  0.178
413  382.8682719838  0.178
414  383.3345795171  0.179
415  383.8008613609  0.179
416  384.2671175133  0.18
417  384.7333479718  0.18
418  385.1995527345  0.181
419  385.6657317990  0.181
420  386.1318851631  0.182
421  386.5980128248  0.182
422  387.0641147818  0.183
423  387.5301910320  0.183
424  387.9962415731  0.184
425  388.4622664029  0.184
426  388.9282655194  0.185
427  389.3942389202  0.185
428  389.8601866032  0.186
429  390.3261085663  0.186
430  390.7920048072  0.187
431  391.2578753238  0.187
432  391.7237201138  0.187
433  392.1895391751  0.188
434  392.6553325055  0.188
435  393.1211001028  0.188
436  393.5868419649  0.189
437  394.0525580895  0.189
438  394.5182484744  0.189
439  394.9839131175  0.189
440  395.4495520166  0.19
441  395.9151651696  0.19
442  396.3807525741  0.19
443  396.8463142281  0.191
444  397.3118501293  0.191
445  397.7773602756  0.191
446  398.2428446647  0.192
447  398.7083032946  0.192
448  399.1737361629  0.192
449  399.6391432676  0.193
450  400.1045246064  0.193
451  400.5698801772  0.194
452  401.0352099778  0.194
453  401.5005140059  0.194
454  401.9657922594  0.195
455  402.4310447362  0.195
456  402.8962714339  0.196
457  403.3614723505  0.196
458  403.8266474838  0.197
459  404.2917968315  0.197
460  404.7569203916  0.198
461  405.2220181617  0.198
462  405.6870901398  0.198
463  406.1521363235  0.199
464  406.6171567109  0.199
465  407.0821512996  0.2
466  407.5471200874  0.2
467  408.0120630723  0.201
468  408.4769802520  0.201
469  408.9418716243  0.201
470  409.4067371870  0.202
471  409.8715769380  0.202
472  410.3363908750  0.203
473  410.8011789960  0.203
474  411.2659412986  0.204
475  411.7306777808  0.204
476  412.1953884402  0.205
477  412.6600732748  0.205
478  413.1247322824  0.205
479  413.5893654608  0.206
480  414.0539728077  0.206
481  414.5185543210  0.207
482  414.9831099986  0.207
483  415.4476398382  0.208
484  415.9121438376  0.208
485  416.3766219947  0.209
486  416.8410743073  0.209
487  417.3055007732  0.209
488  417.7699013901  0.21
489  418.2342761560  0.21
490  418.6986250687  0.211
491  419.1629481258  0.211
492  419.6272453254  0.212
493  420.0915166651  0.212
494  420.5557621429  0.213
495  421.0199817564  0.213
496  421.4841755036  0.213
497  421.9483433822  0.214
498  422.4124853901  0.214
499  422.8766015250  0.215
500  423.3406917848  0.215
501  423.8047561674  0.215
502  424.2687946704  0.216
503  424.7328072918  0.216
504  425.1967940293  0.217
505  425.6607548808  0.217
506  426.1246898441  0.218
507  426.5885989169  0.218
508  427.0524820972  0.218
509  427.5163393827  0.219
510  427.9801707712  0.219
511  428.4439762606  0.22
512  428.9077558486  0.22
513  429.3715095331  0.22
514  429.8352373120  0.221
515  430.2989391829  0.221
516  430.7626151437  0.222
517  431.2262651923  0.222
518  431.6898893265  0.223
519  432.1534875440  0.223
520  432.6170598427  0.223
521  433.0806062205  0.224
522  433.5441266750  0.224
523  434.0076212042  0.225
524  434.4710898058  0.225
525  434.9345324776  0.225
526  435.3979492176  0.226
527  435.8613400234  0.226
528  436.3247048930  0.227
529  436.7880438240  0.227
530  437.2513568144  0.228
531  437.7146438620  0.228
532  438.1779049645  0.228
533  438.6411401198  0.229
534  439.1043493257  0.229
535  439.5675325800  0.23
536  440.0306898805  0.23
537  440.4938212251  0.23
538  440.9569266116  0.231
539  441.4200060377  0.231
540  441.8830595012  0.232
541  442.3460870001  0.232
542  442.8090885321  0.233
543  443.2720640951  0.233
544  443.7350136868  0.233
545  444.1979373050  0.234
546  444.6608349476  0.234
547  445.1237066124  0.235
548  445.5865522972  0.235
549  446.0493719999  0.235
550  446.5121657181  0.236
551  446.9749334499  0.236
552  447.4376751929  0.237
553  447.9003909449  0.237
554  448.3630807039  0.238
555  448.8257444676  0.238
556  449.2883822338  0.238
557  449.7509940003  0.239
558  450.2135797650  0.239
559  450.6761395257  0.24
560  451.1386732801  0.24
561  451.6011810262  0.24
562  452.0636627616  0.241
563  452.5261184843  0.241
564  452.9885481921  0.242
565  453.4509518827  0.242
566  453.9133295540  0.243
567  454.3756812037  0.243
568  454.8380068298  0.243
569  455.3003064300  0.244
570  455.7625800021  0.244
571  456.2248275440  0.245
572  456.6870490535  0.245
573  457.1492445283  0.245
574  457.6114139663  0.246
575  458.0735573653  0.246
576  458.5356747232  0.247
577  458.9977660377  0.247
578  459.4598313066  0.248
579  459.9218705278  0.248
580  460.3838836992  0.248
581  460.8458708184  0.249
582  461.3078318833  0.249
583  461.7697668917  0.25
584  462.2316758415  0.25
585  462.6935587305  0.251
586  463.1554155564  0.251
587  463.6172463171  0.252
588  464.0790510104  0.252
589  464.5408296342  0.253
590  465.0025821862  0.253
591  465.4643086642  0.254
592  465.9260090661  0.254
593  466.3876833897  0.255
594  466.8493316327  0.255
595  467.3109537931  0.256
596  467.7725498686  0.256
597  468.2341198570  0.257
598  468.6956637562  0.257
599  469.1571815640  0.258
600  469.6186732781  0.258
601  470.0801388965  0.259
602  470.5415784169  0.259
603  471.0029918370  0.26
604  471.4643791549  0.26
605  471.9257403682  0.261
606  472.3870754747  0.261
607  472.8483844724  0.261
608  473.3096673590  0.262
609  473.7709241322  0.262
610  474.2321547901  0.263
611  474.6933593302  0.263
612  475.1545377506  0.264
613  475.6156900489  0.264
614  476.0768162230  0.265
615  476.5379162707  0.265
616  476.9989901898  0.266
617  477.4600379782  0.266
618  477.9210596336  0.267
619  478.3820551539  0.267
620  478.8430245369  0.268
621  479.3039677804  0.268
622  479.7648848822  0.269
623  480.2257758401  0.269
624  480.6866406520  0.27
625  481.1474793156  0.27
626  481.6082918288  0.271
627  482.0690781894  0.271
628  482.5298383952  0.272
629  482.9905724440  0.272
630  483.4512803336  0.272
631  483.9119620619  0.273
632  484.3726176267  0.273
633  484.8332470257  0.274
634  485.2938502568  0.274
635  485.7544273178  0.275
636  486.2149782066  0.275
637  486.6755029209  0.276
638  487.1360014586  0.276
639  487.5964738174  0.277
640  488.0569199952  0.277
641  488.5173399898  0.278
642  488.9777337990  0.278
643  489.4381014206  0.278
644  489.8984428525  0.279
645  490.3587580925  0.279
646  490.8190471383  0.28
647  491.2793099878  0.28
648  491.7395466388  0.281
649  492.1997570891  0.281
650  492.6599413366  0.282
651  493.1200993790  0.282
652  493.5802312142  0.283
653  494.0403368399  0.283
654  494.5004162541  0.284
655  494.9604694544  0.284
656  495.4204964388  0.284
657  495.8804972050  0.285
658  496.3404717509  0.285
659  496.8004200742  0.286
660  497.2603421728  0.286
661  497.7202380445  0.287
662  498.1801076871  0.287
663  498.6399510985  0.288
664  499.0997682764  0.288
665  499.5595592186  0.289
666  500.0193239231  0.289
667  500.4790623875  0.289
668  500.9387746097  0.29
669  501.3984605875  0.29
670  501.8581203188  0.291
671  502.3177538013  0.291
672  502.7773610329  0.292
673  503.2369420113  0.292
674  503.6964967345  0.293
675  504.1560252001  0.293
676  504.6155274061  0.294
677  505.0750033502  0.294
678  505.5344530303  0.295
679  505.9938764441  0.295
680  506.4532735895  0.295
681  506.9126444644  0.296
682  507.3719890664  0.296
683  507.8313073934  0.297
684  508.2905994433  0.297
685  508.7498652139  0.298
686  509.2091047029  0.298
687  509.6683179082  0.299
688  510.1275048276  0.299
689  510.5866654590  0.3
690  511.0457998000  0.3
691  511.5049078486  0.301
692  511.9639896026  0.301
693  512.4230450598  0.301
694  512.8820742179  0.302
695  513.3410770748  0.302
696  513.8000536284  0.303
697  514.2590038764  0.303
698  514.7179278167  0.304
699  515.1768254470  0.304
700  515.6356967652  0.305
701  516.0945417691  0.305
702  516.5533604565  0.306
703  517.0121528253  0.306
704  517.4709188732  0.306
705  517.9296585980  0.307
706  518.3883719976  0.307
707  518.8470590698  0.308
708  519.3057198124  0.308
709  519.7643542232  0.309
710  520.2229623001  0.309
711  520.6815440408  0.31
712  521.1400994431  0.31
713  521.5986285050  0.311
714  522.0571312241  0.311
715  522.5156075983  0.312
716  522.9740576255  0.312
717  523.4324813033  0.313
718  523.8908786298  0.313
719  524.3492496026  0.314
720  524.8075942196  0.315
721  525.2659124786  0.315
722  525.7242043774  0.316
723  526.1824699138  0.316
724  526.6407090856  0.317
725  527.0989218908  0.317
726  527.5571083269  0.318
727  528.0152683920  0.318
728  528.4734020838  0.319
729  528.9315094001  0.319
730  529.3895903387  0.32
731  529.8476448975  0.32
732  530.3056730742  0.321
733  530.7636748667  0.321
734  531.2216502728  0.322
735  531.6795992903  0.322
736  532.1375219170  0.323
737  532.5954181508  0.323
738  533.0532879894  0.324
739  533.5111314307  0.325
740  533.9689484725  0.325
741  534.4267391125  0.326
742  534.8845033487  0.326
743  535.3422411788  0.327
744  535.7999526006  0.327
745  536.2576376120  0.328
746  536.7152962107  0.328
747  537.1729283947  0.329
748  537.6305341616  0.329
749  538.0881135094  0.33
750  538.5456664358  0.33
751  539.0031929386  0.331
752  539.4606930157  0.331
753  539.9181666649  0.332
754  540.3756138839  0.332
755  540.8330346707  0.333
756  541.2904290230  0.333
757  541.7477969386  0.334
758  542.2051384154  0.335
759  542.6624534511  0.335
760  543.1197420436  0.336
761  543.5770041907  0.336
762  544.0342398903  0.337
763  544.4914491400  0.337
764  544.9486319378  0.338
765  545.4057882814  0.338
766  545.8629181687  0.339
767  546.3200215975  0.339
768  546.7770985656  0.34
769  547.2341490709  0.34
770  547.6911731110  0.341
771  548.1481706839  0.341
772  548.6051417873  0.342
773  549.0620864192  0.342
774  549.5190045772  0.343
775  549.9758962592  0.343
776  550.4327614630  0.344
777  550.8896001865  0.345
778  551.3464124274  0.345
779  551.8031981836  0.346
780  552.2599574529  0.346
781  552.7166902330  0.347
782  553.1733965219  0.347
783  553.6300763173  0.348
784  554.0867296170  0.348
785  554.5433564189  0.349
786  554.9999567208  0.349
787  555.4565305204  0.35
788  555.9130778157  0.35
789  556.3695986043  0.351
790  556.8260928842  0.351
791  557.2825606531  0.352
792  557.7390019089  0.352
793  558.1954166494  0.353
794  558.6518048724  0.353
795  559.1081665756  0.354
796  559.5645017570  0.354
797  560.0208104143  0.355
798  560.4770925454  0.356
799  560.9333481480  0.356
800  561.3895772200  0.357
801  561.8457797592  0.357
802  562.3019557634  0.358
803  562.7581052304  0.358
804  563.2142281581  0.359
805  563.6703245442  0.359
806  564.1263943866  0.36
807  564.5824376831  0.36
808  565.0384544315  0.361
809  565.4944446296  0.361
810  565.9504082752  0.362
811  566.4063453662  0.362
812  566.8622559003  0.363
813  567.3181398754  0.363
814  567.7739972893  0.364
815  568.2298281398  0.364
816  568.6856324247  0.365
817  569.1414101418  0.365
818  569.5971612890  0.366
819  570.0528858641  0.366
820  570.5085838648  0.367
821  570.9642552890  0.367
822  571.4199001346  0.368
823  571.8755183992  0.368
824  572.3311100808  0.369
825  572.7866751772  0.369
826  573.2422136861  0.37
827  573.6977256054  0.37
828  574.1532109329  0.371
829  574.6086696664  0.371
830  575.0641018038  0.372
831  575.5195073428  0.372
832  575.9748862812  0.373
833  576.4302386169  0.373
834  576.8855643477  0.374
835  577.3408634714  0.374
836  577.7961359859  0.375
837  578.2513818888  0.375
838  578.7066011781  0.376
839  579.1617938516  0.376
840  579.6169599071  0.377
841  580.0720993423  0.377
842  580.5272121552  0.378
843  580.9822983434  0.378
844  581.4373579050  0.379
845  581.8923908375  0.379
846  582.3473971390  0.38
847  582.8023768071  0.38
848  583.2573298397  0.381
849  583.7122562346  0.381
850  584.1671559897  0.382
851  584.6220291027  0.382
852  585.0768755714  0.383
853  585.5316953938  0.383
854  585.9864885675  0.384
855  586.4412550904  0.384
856  586.8959949604  0.385
857  587.3507081751  0.385
858  587.8053947325  0.386
859  588.2600546304  0.386
860  588.7146878666  0.387
861  589.1692944388  0.387
862  589.6238743450  0.388
863  590.0784275829  0.388
864  590.5329541503  0.389
865  590.9874540451  0.389
866  591.4419272650  0.39
867  591.8963738079  0.39
868  592.3507936717  0.391
869  592.8051868540  0.391
870  593.2595533527  0.392
871  593.7138931657  0.392
872  594.1682062908  0.393
873  594.6224927257  0.393
874  595.0767524684  0.394
875  595.5309855165  0.394
876  595.9851918679  0.395
877  596.4393715205  0.395
878  596.8935244720  0.396
879  597.3476507203  0.396
880  597.8017502631  0.397
881  598.2558230984  0.397
882  598.7098692239  0.398
883  599.1638886373  0.398
884  599.6178813366  0.399
885  600.0718473196  0.399
886  600.5257865840  0.4
887  600.9796991278  0.4
888  601.4335849486  0.401
889  601.8874440443  0.401
890  602.3412764128  0.402
891  602.7950820517  0.402
892  603.2488609591  0.403
893  603.7026131326  0.404
894  604.1563385701  0.404
895  604.6100372694  0.405
896  605.0637092284  0.405
897  605.5173544447  0.406
898  605.9709729163  0.406
899  606.4245646410  0.407
900  606.8781296165  0.408
901  607.3316678408  0.408
902  607.7851793115  0.409
903  608.2386640266  0.409
904  608.6921219838  0.41
905  609.1455531809  0.41
906  609.5989576159  0.411
907  610.0523352864  0.412
908  610.5056861903  0.412
909  610.9590103254  0.413
910  611.4123076895  0.413
911  611.8655782805  0.414
912  612.3188220961  0.414
913  612.7720391342  0.415
914  613.2252293926  0.416
915  613.6783928691  0.416
916  614.1315295615  0.417
917  614.5846394676  0.417
918  615.0377225853  0.418
919  615.4907789124  0.418
920  615.9438084466  0.419
921  616.3968111858  0.419
922  616.8497871278  0.42
923  617.3027362704  0.421
924  617.7556586115  0.421
925  618.2085541488  0.422
926  618.6614228802  0.422
927  619.1142648035  0.423
928  619.5670799165  0.423
929  620.0198682170  0.424
930  620.4726297028  0.425
931  620.9253643717  0.425
932  621.3780722216  0.426
933  621.8307532503  0.426
934  622.2834074555  0.427
935  622.7360348352  0.427
936  623.1886353871  0.428
937  623.6412091090  0.428
938  624.0937559987  0.429
939  624.5462760541  0.429
940  624.9987692730  0.43
941  625.4512356532  0.431
942  625.9036751925  0.431
943  626.3560878887  0.432
944  626.8084737396  0.432
945  627.2608327431  0.433
946  627.7131648970  0.433
947  628.1654701990  0.434
948  628.6177486470  0.434
949  629.0700002389  0.435
950  629.5222249723  0.435
951  629.9744228452  0.436
952  630.4265938554  0.437
953  630.8787380006  0.437
954  631.3308552788  0.438
955  631.7829456876  0.438
956  632.2350092249  0.439
957  632.6870458886  0.439
958  633.1390556764  0.44
959  633.5910385861  0.44
960  634.0429946157  0.441
961  634.4949237628  0.441
962  634.9468260254  0.442
963  635.3987014011  0.442
964  635.8505498879  0.443
965  636.3023714835  0.444
966  636.7541661859  0.444
967  637.2059339926  0.445
968  637.6576749017  0.445
969  638.1093889109  0.446
970  638.5610760180  0.446
971  639.0127362209  0.447
972  639.4643695173  0.447
973  639.9159759051  0.448
974  640.3675553820  0.448
975  640.8191079460  0.449
976  641.2706335948  0.449
977  641.7221323262  0.45
978  642.1736041381  0.45
979  642.6250490282  0.451
980  643.0764669944  0.451
981  643.5278580344  0.452
982  643.9792221462  0.452
983  644.4305593275  0.452
984  644.8818695762  0.453
985  645.3331528899  0.453
986  645.7844092667  0.454
987  646.2356387042  0.454
988  646.6868412003  0.455
989  647.1380167529  0.455
990  647.5891653596  0.456
991  648.0402870184  0.456
992  648.4913817271  0.456
993  648.9424494834  0.457
994  649.3934902852  0.457
995  649.8445041303  0.458
996  650.2954910165  0.458
997  650.7464509417  0.459
998  651.1973839036  0.459
999  651.6482899000  0.46
1000  652.0991689288  0.46
1001  652.5500209878  0.461
1002  653.0008460749  0.461
1003  653.4516441877  0.461
1004  653.9024153242  0.462
1005  654.3531594821  0.462
1006  654.8038766593  0.463
1007  655.2545668535  0.463
1008  655.7052300627  0.464
1009  656.1558662845  0.464
1010  656.6064755169  0.465
1011  657.0570577576  0.465
1012  657.5076130045  0.466
1013  657.9581412554  0.466
1014  658.4086425080  0.466
1015  658.8591167602  0.467
1016  659.3095640099  0.467
1017  659.7599842547  0.468
1018  660.2103774927  0.468
1019  660.6607437214  0.469
1020  661.1110829389  0.469
1021  661.5613951428  0.47
1022  662.0116803311  0.47
1023  662.4619385014  0.47
1024  662.9121696517  0.471
1025  663.3623737797  0.471
1026  663.8125508833  0.472
1027  664.2627009603  0.472
1028  664.7128240085  0.473
1029  665.1629200257  0.473
1030  665.6129890097  0.474
1031  666.0630309583  0.474
1032  666.5130458694  0.475
1033  666.9630337408  0.475
1034  667.4129945702  0.475
1035  667.8629283556  0.476
1036  668.3128350946  0.476
1037  668.7627147852  0.477
1038  669.2125674252  0.477
1039  669.6623930123  0.478
1040  670.1121915443  0.478
1041  670.5619630192  0.479
1042  671.0117074346  0.479
1043  671.4614247885  0.479
1044  671.9111150786  0.48
1045  672.3607783027  0.48
1046  672.8104144588  0.481
1047  673.2600235444  0.481
1048  673.7096055576  0.482
1049  674.1591604961  0.482
1050  674.6086883577  0.483
1051  675.0581891403  0.483
1052  675.5076628416  0.484
1053  675.9571094595  0.484
1054  676.4065289917  0.484
1055  676.8559214362  0.485
1056  677.3052867906  0.485
1057  677.7546250529  0.486
1058  678.2039362209  0.486
1059  678.6532202923  0.487
1060  679.1024772649  0.487
1061  679.5517071367  0.488
1062  680.0009099053  0.488
1063  680.4500855687  0.488
1064  680.8992341246  0.489
1065  681.3483555709  0.489
1066  681.7974499053  0.49
1067  682.2465171257  0.49
1068  682.6955572299  0.491
1069  683.1445702156  0.491
1070  683.5935560809  0.492
1071  684.0425148233  0.492
1072  684.4914464408  0.493
1073  684.9403509312  0.493
1074  685.3892282922  0.494
1075  685.8380785218  0.494
1076  686.2869016176  0.495
1077  686.7356975776  0.495
1078  687.1844663996  0.496
1079  687.6332080812  0.496
1080  688.0819226205  0.496
1081  688.5306100152  0.497
1082  688.9792702630  0.497
1083  689.4279033619  0.498
1084  689.8765093096  0.498
1085  690.3250881039  0.499
1086  690.7736397427  0.499
1087  691.2221642238  0.5
1088  691.6706615450  0.5
1089  692.1191317040  0.501
1090  692.5675746988  0.501
1091  693.0159905272  0.502
1092  693.4643791869  0.502
1093  693.9127406757  0.503
1094  694.3610749916  0.503
1095  694.8093821322  0.504
1096  695.2576620954  0.504
1097  695.7059148791  0.504
1098  696.1541404810  0.505
1099  696.6023388990  0.505
1100  697.0505101308  0.506
1101  697.4986541744  0.506
1102  697.9467710274  0.507
1103  698.3948606877  0.507
1104  698.8429231532  0.508
1105  699.2909584216  0.508
1106  699.7389664908  0.509
1107  700.1869473586  0.509
1108  700.6349010227  0.51
1109  701.0828274811  0.51
1110  701.5307267315  0.511
1111  701.9785987717  0.511
1112  702.4264435996  0.511
1113  702.8742612129  0.512
1114  703.3220516095  0.512
1115  703.7698147872  0.513
1116  704.2175507438  0.513
1117  704.6652594772  0.514
1118  705.1129409851  0.514
1119  705.5605952653  0.515
1120  706.0082223157  0.515
1121  706.4558221341  0.515
1122  706.9033947183  0.516
1123  707.3509400661  0.516
1124  707.7984581754  0.517
1125  708.2459490439  0.517
1126  708.6934126694  0.518
1127  709.1408490499  0.518
1128  709.5882581830  0.519
1129  710.0356400666  0.519
1130  710.4829946986  0.519
1131  710.9303220766  0.52
1132  711.3776221987  0.52
1133  711.8248950625  0.521
1134  712.2721406659  0.521
1135  712.7193590066  0.522
1136  713.1665500826  0.522
1137  713.6137138916  0.523
1138  714.0608504315  0.523
1139  714.5079597000  0.524
1140  714.9550416950  0.524
1141  715.4020964142  0.524
1142  715.8491238556  0.525
1143  716.2961240169  0.525
1144  716.7430968959  0.526
1145  717.1900424904  0.526
1146  717.6369607983  0.527
1147  718.0838518174  0.527
1148  718.5307155455  0.528
1149  718.9775519804  0.528
1150  719.4243611199  0.528
1151  719.8711429618  0.529
1152  720.3178975040  0.529
1153  720.7646247443  0.53
1154  721.2113246804  0.53
1155  721.6579973102  0.531
1156  722.1046426316  0.531
1157  722.5512606422  0.531
1158  722.9978513400  0.532
1159  723.4444147228  0.532
1160  723.8909507883  0.533
1161  724.3374595344  0.533
1162  724.7839409589  0.534
1163  725.2303950597  0.534
1164  725.6768218344  0.534
1165  726.1232212810  0.535
1166  726.5695933973  0.535
1167  727.0159381810  0.536
1168  727.4622556300  0.536
1169  727.9085457422  0.537
1170  728.3548085152  0.537
1171  728.8010439470  0.537
1172  729.2472520353  0.538
1173  729.6934327780  0.538
1174  730.1395861729  0.539
1175  730.5857122178  0.539
1176  731.0318109105  0.539
1177  731.4778822488  0.54
1178  731.9239262305  0.54
1179  732.3699428535  0.541
1180  732.8159321156  0.541
1181  733.2618940146  0.542
1182  733.7078285482  0.542
1183  734.1537357144  0.542
1184  734.5996155109  0.543
1185  735.0454679355  0.543
1186  735.4912929861  0.544
1187  735.9370906605  0.544
1188  736.3828609564  0.545
1189  736.8286038718  0.545
1190  737.2743194044  0.545
1191  737.7200075520  0.546
1192  738.1656683125  0.546
1193  738.6113016836  0.547
1194  739.0569076632  0.547
1195  739.5024862491  0.548
1196  739.9480374392  0.548
1197  740.3935612311  0.548
1198  740.8390576228  0.549
1199  741.2845266120  0.549
1200  741.7299681966  0.55
1201  742.1753823744  0.55
1202  742.6207691432  0.55
1203  743.0661285008  0.551
1204  743.5114604450  0.551
1205  743.9567649737  0.552
1206  744.4020420846  0.552
1207  744.8472917756  0.552
1208  745.2925140445  0.553
1209  745.7377088891  0.553
1210  746.1828763072  0.554
1211  746.6280162966  0.554
1212  747.0731288552  0.554
1213  747.5182139808  0.555
1214  747.9632716711  0.555
1215  748.4083019240  0.556
1216  748.8533047374  0.556
1217  749.2982801089  0.556
1218  749.7432280365  0.557
1219  750.1881485180  0.557
1220  750.6330415511  0.558
1221  751.0779071337  0.558
1222  751.5227452636  0.558
1223  751.9675559386  0.559
1224  752.4123391566  0.559
1225  752.8570949153  0.56
1226  753.3018232125  0.56
1227  753.7465240461  0.56
1228  754.1911974139  0.561
1229  754.6358433137  0.561
1230  755.0804617434  0.562
1231  755.5250527006  0.562
1232  755.9696161833  0.562
1233  756.4141521893  0.563
1234  756.8586607164  0.563
1235  757.3031417623  0.564
1236  757.7475953249  0.564
1237  758.1920214021  0.564
1238  758.6364199916  0.565
1239  759.0807910913  0.565
1240  759.5251346989  0.566
1241  759.9694508123  0.566
1242  760.4137394294  0.566
1243  760.8580005478  0.567
1244  761.3022341654  0.567
1245  761.7464402801  0.568
1246  762.1906188897  0.568
1247  762.6347699919  0.569
1248  763.0788935846  0.569
1249  763.5229896656  0.569
1250  763.9670582328  0.57
1251  764.4110992838  0.57
1252  764.8551128166  0.571
1253  765.2990988290  0.571
1254  765.7430573188  0.571
1255  766.1869882837  0.572
1256  766.6308917217  0.572
1257  767.0747676304  0.573
1258  767.5186160078  0.573
1259  767.9624368517  0.574
1260  768.4062301598  0.574
1261  768.8499959300  0.574
1262  769.2937341602  0.575
1263  769.7374448480  0.575
1264  770.1811279913  0.576
1265  770.6247835880  0.576
1266  771.0684116359  0.577
1267  771.5120121327  0.577
1268  771.9555850763  0.577
1269  772.3991304645  0.578
1270  772.8426482951  0.578
1271  773.2861385660  0.579
1272  773.7296012749  0.579
1273  774.1730364197  0.579
1274  774.6164439981  0.58
1275  775.0598240080  0.58
1276  775.5031764473  0.581
1277  775.9465013137  0.581
1278  776.3897986050  0.582
1279  776.8330683190  0.582
1280  777.2763104536  0.582
1281  777.7195250066  0.583
1282  778.1627119758  0.583
1283  778.6058713590  0.584
1284  779.0490031541  0.584
1285  779.4921073588  0.585
1286  779.9351839709  0.585
1287  780.3782329883  0.585
1288  780.8212544088  0.586
1289  781.2642482302  0.586
1290  781.7072144503  0.586
1291  782.1501530669  0.587
1292  782.5930640779  0.587
1293  783.0359474811  0.587
1294  783.4788032742  0.588
1295  783.9216314551  0.588
1296  784.3644320216  0.588
1297  784.8072049716  0.589
1298  785.2499503028  0.589
1299  785.6926680130  0.59
1300  786.1353581001  0.59
1301  786.5780205619  0.59
1302  787.0206553962  0.591
1303  787.4632626007  0.591
1304  787.9058421735  0.591
1305  788.3483941121  0.592
1306  788.7909184145  0.592
1307  789.2334150785  0.592
1308  789.6758841019  0.593
1309  790.1183254824  0.593
1310  790.5607392180  0.593
1311  791.0031253064  0.594
1312  791.4454837455  0.594
1313  791.8878145330  0.595
1314  792.3301176668  0.595
1315  792.7723931447  0.595
1316  793.2146409645  0.596
1317  793.6568611240  0.596
1318  794.0990536211  0.596
1319  794.5412184535  0.597
1320  794.9833556190  0.597
1321  795.4254651156  0.597
1322  795.8675469409  0.598
1323  796.3096010929  0.598
1324  796.7516275693  0.598
1325  797.1936263679  0.599
1326  797.6355974866  0.599
1327  798.0775409231  0.599
1328  798.5194566753  0.6
1329  798.9613447411  0.6
1330  799.4032051181  0.601
1331  799.8450378043  0.601
1332  800.2868427974  0.601
1333  800.7286200953  0.602
1334  801.1703696958  0.602
1335  801.6120915966  0.602
1336  802.0537857957  0.603
1337  802.4954522907  0.603
1338  802.9370910797  0.603
1339  803.3787021602  0.604
1340  803.8202855302  0.604
1341  804.2618411875  0.604
1342  804.7033691299  0.605
1343  805.1448693553  0.605
1344  805.5863418613  0.605
1345  806.0277866459  0.606
1346  806.4692037068  0.606
1347  806.9105930419  0.606
1348  807.3519546490  0.607
1349  807.7932885259  0.607
1350  808.2345946704  0.607
1351  808.6758730803  0.608
1352  809.1171237535  0.608
1353  809.5583466877  0.608
1354  809.9995418808  0.608
1355  810.4407093306  0.609
1356  810.8818490349  0.609
1357  811.3229609916  0.609
1358  811.7640451983  0.61
1359  812.2051016530  0.61
1360  812.6461303535  0.61
1361  813.0871312976  0.611
1362  813.5281044830  0.611
1363  813.9690499077  0.611
1364  814.4099675693  0.612
1365  814.8508574659  0.612
1366  815.2917195950  0.612
1367  815.7325539547  0.613
1368  816.1733605426  0.613
1369  816.6141393566  0.613
1370  817.0548903946  0.614
1371  817.4956136543  0.614
1372  817.9363091335  0.614
1373  818.3769768300  0.615
1374  818.8176167418  0.615
1375  819.2582288665  0.615
1376  819.6988132021  0.616
1377  820.1393697462  0.616
1378  820.5798984968  0.617
1379  821.0203994517  0.617
1380  821.4608726086  0.617
1381  821.9013179654  0.618
1382  822.3417355199  0.618
1383  822.7821252699  0.619
1384  823.2224872132  0.619
1385  823.6628213476  0.62
1386  824.1031276710  0.62
1387  824.5434061812  0.621
1388  824.9836568760  0.621
1389  825.4238797532  0.621
1390  825.8640748105  0.622
1391  826.3042420459  0.622
1392  826.7443814572  0.623
1393  827.1844930421  0.623
1394  827.6245767985  0.624
1395  828.0646327241  0.624
1396  828.5046608169  0.625
1397  828.9446610746  0.625
1398  829.3846334950  0.625
1399  829.8245780760  0.626
1400  830.2644948153  0.626
1401  830.7043837109  0.627
1402  831.1442447604  0.627
1403  831.5840779617  0.628
1404  832.0238833126  0.628
1405  832.4636608110  0.628
1406  832.9034104546  0.629
1407  833.3431322413  0.629
1408  833.7828261689  0.63
1409  834.2224922352  0.63
1410  834.6621304380  0.631
1411  835.1017407751  0.631
1412  835.5413232444  0.632
1413  835.9808778436  0.632
1414  836.4204045706  0.632
1415  836.8599034232  0.633
1416  837.2993743992  0.633
1417  837.7388174964  0.634
1418  838.1782327127  0.634
1419  838.6176200458  0.635
1420  839.0569794935  0.635
1421  839.4963110537  0.635
1422  839.9356147243  0.636
1423  840.3748905029  0.636
1424  840.8141383875  0.637
1425  841.2533583757  0.637
1426  841.6925504656  0.637
1427  842.1317146548  0.638
1428  842.5708509412  0.638
1429  843.0099593226  0.638
1430  843.4490397968  0.639
1431  843.8880923616  0.639
1432  844.3271170149  0.639
1433  844.7661137545  0.64
1434  845.2050825781  0.64
1435  845.6440234836  0.64
1436  846.0829364688  0.641
1437  846.5218215315  0.641
1438  846.9606786695  0.641
1439  847.3995078807  0.642
1440  847.8383091629  0.642
1441  848.2770825138  0.642
1442  848.7158279314  0.643
1443  849.1545454133  0.643
1444  849.5932349575  0.643
1445  850.0318965617  0.644
1446  850.4705302237  0.644
1447  850.9091359414  0.644
1448  851.3477137126  0.645
1449  851.7862635351  0.645
1450  852.2247854067  0.645
1451  852.6632793253  0.645
1452  853.1017452886  0.646
1453  853.5401832944  0.646
1454  853.9785933406  0.646
1455  854.4169754250  0.647
1456  854.8553295454  0.647
1457  855.2936556996  0.647
1458  855.7319538855  0.648
1459  856.1702241007  0.648
1460  856.6084663433  0.648
1461  857.0466806109  0.649
1462  857.4848669015  0.649
1463  857.9230252127  0.649
1464  858.3611555424  0.65
1465  858.7992578885  0.65
1466  859.2373322488  0.65
1467  859.6753786210  0.651
1468  860.1133970030  0.651
1469  860.5513873926  0.651
1470  860.9893497876  0.652
1471  861.4272841858  0.652
1472  861.8651905851  0.652
1473  862.3030689832  0.653
1474  862.7409193780  0.653
1475  863.1787417673  0.653
1476  863.6165361489  0.654
1477  864.0543025206  0.654
1478  864.4920408802  0.654
1479  864.9297512256  0.654
1480  865.3674335545  0.655
1481  865.8050878648  0.655
1482  866.2427141543  0.655
1483  866.6803124209  0.656
1484  867.1178826622  0.656
1485  867.5554248762  0.656
1486  867.9929390606  0.657
1487  868.4304252133  0.657
1488  868.8678833321  0.657
1489  869.3053134147  0.658
1490  869.7427154591  0.658
1491  870.1800894630  0.658
1492  870.6174354243  0.658
1493  871.0547533407  0.659
1494  871.4920432100  0.659
1495  871.9293050302  0.659
1496  872.3665387990  0.66
1497  872.8037445141  0.66
1498  873.2409221735  0.66
1499  873.6780717750  0.661
1500  874.1151933163  0.661
1501  874.5522867953  0.661
1502  874.9893522098  0.661
1503  875.4263895576  0.662
1504  875.8633988365  0.662
1505  876.3003800443  0.662
1506  876.7373331789  0.663
1507  877.1742582381  0.663
1508  877.6111552196  0.663
1509  878.0480241214  0.664
1510  878.4848649411  0.664
1511  878.9216776767  0.664
1512  879.3584623259  0.665
1513  879.7952188866  0.665
1514  880.2319473565  0.665
1515  880.6686477336  0.665
1516  881.1053200155  0.666
1517  881.5419642001  0.666
1518  881.9785802853  0.666
1519  882.4151682688  0.667
1520  882.8517281485  0.667
1521  883.2882599222  0.667
1522  883.7247635876  0.667
1523  884.1612391427  0.668
1524  884.5976865851  0.668
1525  885.0341059128  0.668
1526  885.4704971236  0.669
1527  885.9068602152  0.669
1528  886.3431951855  0.669
1529  886.7795020323  0.669
1530  887.2157807534  0.67
1531  887.6520313467  0.67
1532  888.0882538099  0.67
1533  888.5244481408  0.671
1534  888.9606143373  0.671
1535  889.3967523972  0.671
1536  889.8328623183  0.671
1537  890.2689440984  0.672
1538  890.7049977353  0.672
1539  891.1410232269  0.672
1540  891.5770205709  0.673
1541  892.0129897652  0.673
1542  892.4489308076  0.673
1543  892.8848436959  0.673
1544  893.3207284279  0.674
1545  893.7565850015  0.674
1546  894.1924134144  0.674
1547  894.6282136645  0.675
1548  895.0639857495  0.675
1549  895.4997296674  0.675
1550  895.9354454158  0.675
1551  896.3711329927  0.676
1552  896.8067923958  0.676
1553  897.2424236230  0.676
1554  897.6780266721  0.676
1555  898.1136015408  0.677
1556  898.5491482270  0.677
1557  898.9846667286  0.677
1558  899.4201570432  0.678
1559  899.8556191689  0.678
1560  900.2910531032  0.678
1561  900.7264588442  0.679
1562  901.1618363895  0.679
1563  901.5971857371  0.679
1564  902.0325068847  0.68
1565  902.4677998301  0.68
1566  902.9030645711  0.681
1567  903.3383011056  0.681
1568  903.7735094314  0.681
1569  904.2086895463  0.682
1570  904.6438414481  0.682
1571  905.0789651346  0.683
1572  905.5140606037  0.683
1573  905.9491278531  0.683
1574  906.3841668807  0.684
1575  906.8191776842  0.684
1576  907.2541602616  0.685
1577  907.6891146106  0.685
1578  908.1240407290  0.685
1579  908.5589386146  0.686
1580  908.9938082654  0.686
1581  909.4286496789  0.686
1582  909.8634628532  0.687
1583  910.2982477860  0.687
1584  910.7330044751  0.688
1585  911.1677329183  0.688
1586  911.6024331135  0.688
1587  912.0371050585  0.689
1588  912.4717487510  0.689
1589  912.9063641889  0.69
1590  913.3409513700  0.69
1591  913.7755102922  0.69
1592  914.2100409532  0.691
1593  914.6445433508  0.691
1594  915.0790174829  0.692
1595  915.5134633473  0.692
1596  915.9478809418  0.692
1597  916.3822702642  0.693
1598  916.8166313123  0.693
1599  917.2509640840  0.694
1600  917.6852685770  0.694
1601  918.1195447892  0.694
1602  918.5537927184  0.695
1603  918.9880123624  0.695
1604  919.4222037191  0.695
1605  919.8563667861  0.696
1606  920.2905015614  0.696
1607  920.7246080428  0.697
1608  921.1586862280  0.697
1609  921.5927361149  0.697
1610  922.0267577014  0.698
1611  922.4607509852  0.698
1612  922.8947159641  0.698
1613  923.3286526359  0.698
1614  923.7625609985  0.699
1615  924.1964410498  0.699
1616  924.6302927874  0.699
1617  925.0641162092  0.7
1618  925.4979113130  0.7
1619  925.9316780967  0.7
1620  926.3654165581  0.701
1621  926.7991266949  0.701
1622  927.2328085050  0.701
1623  927.6664619862  0.702
1624  928.1000871363  0.702
1625  928.5336839532  0.702
1626  928.9672524346  0.703
1627  929.4007925784  0.703
1628  929.8343043823  0.703
1629  930.2677878443  0.704
1630  930.7012429620  0.704
1631  931.1346697334  0.704
1632  931.5680681562  0.705
1633  932.0014382283  0.705
1634  932.4347799474  0.705
1635  932.8680933114  0.706
1636  933.3013783181  0.706
1637  933.7346349653  0.706
1638  934.1678632509  0.707
1639  934.6010631726  0.707
1640  935.0342347282  0.707
1641  935.4673779156  0.708
1642  935.9004927327  0.708
1643  936.3335791771  0.708
1644  936.7666372467  0.709
1645  937.1996669394  0.709
1646  937.6326682529  0.709
1647  938.0656411850  0.71
1648  938.4985857337  0.71
1649  938.9315018966  0.71
1650  939.3643896717  0.711
1651  939.7972490566  0.711
1652  940.2300800493  0.711
1653  940.6628826476  0.711
1654  941.0956568492  0.712
1655  941.5284026520  0.712
1656  941.9611200538  0.712
1657  942.3938090525  0.712
1658  942.8264696457  0.712
1659  943.2591018314  0.713
1660  943.6917056073  0.713
1661  944.1242809713  0.713
1662  944.5568279212  0.713
1663  944.9893464548  0.713
1664  945.4218365700  0.714
1665  945.8542982644  0.714
1666  946.2867315360  0.714
1667  946.7191363826  0.714
1668  947.1515128019  0.715
1669  947.5838607918  0.715
1670  948.0161803502  0.715
1671  948.4484714747  0.715
1672  948.8807341633  0.715
1673  949.3129684137  0.716
1674  949.7451742239  0.716
1675  950.1773515915  0.716
1676  950.6095005143  0.716
1677  951.0416209903  0.717
1678  951.4737130173  0.717
1679  951.9057765929  0.717
1680  952.3378117152  0.717
1681  952.7698183817  0.717
1682  953.2017965905  0.718
1683  953.6337463393  0.718
1684  954.0656676259  0.718
1685  954.4975604481  0.718
1686  954.9294248038  0.718
1687  955.3612606907  0.719
1688  955.7930681068  0.719
1689  956.2248470497  0.719
1690  956.6565975173  0.719
1691  957.0883195074  0.72
1692  957.5200130179  0.72
1693  957.9516780465  0.72
1694  958.3833145911  0.72
1695  958.8149226494  0.72
1696  959.2465022194  0.721
1697  959.6780532988  0.721
1698  960.1095758854  0.721
1699  960.5410699770  0.721
1700  960.9725355715  0.721
1701  961.4039726667  0.721
1702  961.8353812603  0.721
1703  962.2667613503  0.722
1704  962.6981129343  0.722
1705  963.1294360103  0.722
1706  963.5607305761  0.722
1707  963.9919966294  0.722
1708  964.4232341680  0.722
1709  964.8544431899  0.722
1710  965.2856236928  0.722
1711  965.7167756745  0.722
1712  966.1478991328  0.723
1713  966.5789940656  0.723
1714  967.0100604707  0.723
1715  967.4410983458  0.723
1716  967.8721076888  0.723
1717  968.3030884975  0.723
1718  968.7340407698  0.723
1719  969.1649645034  0.723
1720  969.5958596961  0.723
1721  970.0267263459  0.724
1722  970.4575644504  0.724
1723  970.8883740075  0.724
1724  971.3191550150  0.724
1725  971.7499074708  0.724
1726  972.1806313726  0.724
1727  972.6113267182  0.724
1728  973.0419935056  0.724
1729  973.4726317324  0.724
1730  973.9032413965  0.724
1731  974.3338224958  0.725
1732  974.7643750280  0.725
1733  975.1948989909  0.725
1734  975.6253943824  0.725
1735  976.0558612003  0.725
1736  976.4862994424  0.725
1737  976.9167091064  0.725
1738  977.3470901903  0.725
1739  977.7774426919  0.725
1740  978.2077666089  0.726
1741  978.6380619392  0.726
1742  979.0683286805  0.726
1743  979.4985668308  0.726
1744  979.9287763878  0.726
1745  980.3589573493  0.726
1746  980.7891097131  0.725
1747  981.2192334771  0.725
1748  981.6493286391  0.725
1749  982.0793951969  0.724
1750  982.5094331483  0.724
1751  982.9394424910  0.723
1752  983.3694232231  0.723
1753  983.7993753422  0.723
1754  984.2292988461  0.722
1755  984.6591937327  0.722
1756  985.0890599998  0.721
1757  985.5188976453  0.721
1758  985.9487066668  0.721
1759  986.3784870623  0.72
1760  986.8082388295  0.72
1761  987.2379619664  0.719
1762  987.6676564706  0.719
1763  988.0973223400  0.719
1764  988.5269595724  0.718
1765  988.9565681656  0.718
1766  989.3861481175  0.718
1767  989.8156994258  0.717
1768  990.2452220885  0.717
1769  990.6747161032  0.716
1770  991.1041814678  0.716
1771  991.5336181801  0.716
1772  991.9630262380  0.715
1773  992.3924056392  0.715
1774  992.8217563815  0.714
1775  993.2510784629  0.714
1776  993.6803718810  0.714
1777  994.1096366338  0.713
1778  994.5388727190  0.713
1779  994.9680801344  0.713
1780  995.3972588779  0.712
1781  995.8264089472  0.712
1782  996.2555303402  0.711
1783  996.6846230548  0.711
1784  997.1136870886  0.711
1785  997.5427224396  0.71
1786  997.9717291055  0.71
1787  998.4007070842  0.709
1788  998.8296563734  0.709
1789  999.2585769710  0.709
1790  999.6874688749  0.708
1791  1000.1163320827  0.708
1792  1000.5451665924  0.707
1793  1000.9739724017  0.705
1794  1001.4027495085  0.704
1795  1001.8314979106  0.703
1796  1002.2602176058  0.702
1797  1002.6889085919  0.701
1798  1003.1175708667  0.699
1799  1003.5462044280  0.698
1800  1003.9748092737  0.697
1801  1004.4033854016  0.696
1802  1004.8319328094  0.695
1803  1005.2604514950  0.694
1804  1005.6889414563  0.692
1805  1006.1174026910  0.691
1806  1006.5458351969  0.69
1807  1006.9742389719  0.689
1808  1007.4026140137  0.688
1809  1007.8309603203  0.686
1810  1008.2592778893  0.685
1811  1008.6875667187  0.684
1812  1009.1158268062  0.683
1813  1009.5440581496  0.682
1814  1009.9722607469  0.681
1815  1010.4004345956  0.679
1816  1010.8285796938  0.678
1817  1011.2566960392  0.677
1818  1011.6847836296  0.676
1819  1012.1128424629  0.675
1820  1012.5408725368  0.674
1821  1012.9688738491  0.672
1822  1013.3968463978  0.671
1823  1013.8247901805  0.67
1824  1014.2527051952  0.669
1825  1014.6805914396  0.668
1826  1015.1084489115  0.666
1827  1015.5362776088  0.665
1828  1015.9640775293  0.664
1829  1016.3918486707  0.663
1830  1016.8195910310  0.662
1831  1017.2473046078  0.661
1832  1017.6749893991  0.659
1833  1018.1026454027  0.658
1834  1018.5302726163  0.657
1835  1018.9578710378  0.656
1836  1019.3854406650  0.655
1837  1019.8129814957  0.654
1838  1020.2404935277  0.652
1839  1020.6679767588  0.65
1840  1021.0954311869  0.648
1841  1021.5228568098  0.645
1842  1021.9502536252  0.643
1843  1022.3776216311  0.641
1844  1022.8049608251  0.639
1845  1023.2322712052  0.637
1846  1023.6595527691  0.635
1847  1024.0868055147  0.633
1848  1024.5140294398  0.63
1849  1024.9412245421  0.628
1850  1025.3683908196  0.626
1851  1025.7955282699  0.624
1852  1026.2226368910  0.622
1853  1026.6497166807  0.62
1854  1027.0767676367  0.618
1855  1027.5037897568  0.615
1856  1027.9307830390  0.613
1857  1028.3577474810  0.611
1858  1028.7846830806  0.609
1859  1029.2115898356  0.607
1860  1029.6384677439  0.605
1861  1030.0653168033  0.603
1862  1030.4921370115  0.601
1863  1030.9189283664  0.598
1864  1031.3456908659  0.596
1865  1031.7724245076  0.594
1866  1032.1991292896  0.592
1867  1032.6258052094  0.59
1868  1033.0524522651  0.588
1869  1033.4790704543  0.586
1870  1033.9056597749  0.583
1871  1034.3322202248  0.581
1872  1034.7587518016  0.579
1873  1035.1852545034  0.577
1874  1035.6117283277  0.575
1875  1036.0381732726  0.573
1876  1036.4645893357  0.571
1877  1036.8909765150  0.569
1878  1037.3173348082  0.566
1879  1037.7436642131  0.564
1880  1038.1699647276  0.562
1881  1038.5962363494  0.56
1882  1039.0224790764  0.558
1883  1039.4486929064  0.556
1884  1039.8748778372  0.554
1885  1040.3010338667  0.551
1886  1040.7271609925  0.548
1887  1041.1532592127  0.545
1888  1041.5793285249  0.542
1889  1042.0053689270  0.539
1890  1042.4313804168  0.536
1891  1042.8573629921  0.533
1892  1043.2833166508  0.53
1893  1043.7092413906  0.527
1894  1044.1351372093  0.524
1895  1044.5610041048  0.522
1896  1044.9868420750  0.519
1897  1045.4126511175  0.516
1898  1045.8384312302  0.513
1899  1046.2641824110  0.51
1900  1046.6899046576  0.507
1901  1047.1155979679  0.504
1902  1047.5412623397  0.501
1903  1047.9668977708  0.498
1904  1048.3925042590  0.495
1905  1048.8180818021  0.492
1906  1049.2436303979  0.489
1907  1049.6691500443  0.486
1908  1050.0946407391  0.483
1909  1050.5201024801  0.48
1910  1050.9455352650  0.477
1911  1051.3709390918  0.475
1912  1051.7963139582  0.472
1913  1052.2216598621  0.469
1914  1052.6469768012  0.466
1915  1053.0722647734  0.463
1916  1053.4975237764  0.46
1917  1053.9227538082  0.457
1918  1054.3479548665  0.454
1919  1054.7731269492  0.451
1920  1055.1982700539  0.448
1921  1055.6233841787  0.445
1922  1056.0484693212  0.442
1923  1056.4735254794  0.439
1924  1056.8985526509  0.436
1925  1057.3235508337  0.433
1926  1057.7485200255  0.431
1927  1058.1734602241  0.428
1928  1058.5983714274  0.425
1929  1059.0232536333  0.422
1930  1059.4481068394  0.419
1931  1059.8729310436  0.416
1932  1060.2977262437  0.413
1933  1060.7224924376  0.411
1934  1061.1472296231  0.408
1935  1061.5719377979  0.406
1936  1061.9966169600  0.403
1937  1062.4212671070  0.4
1938  1062.8458882369  0.398
1939  1063.2704803473  0.395
1940  1063.6950434363  0.393
1941  1064.1195775015  0.39
1942  1064.5440825407  0.388
1943  1064.9685585519  0.385
1944  1065.3930055328  0.383
1945  1065.8174234812  0.38
1946  1066.2418123950  0.378
1947  1066.6661722719  0.375
1948  1067.0905031097  0.372
1949  1067.5148049064  0.37
1950  1067.9390776596  0.367
1951  1068.3633213673  0.365
1952  1068.7875360272  0.362
1953  1069.2117216371  0.36
1954  1069.6358781949  0.357
1955  1070.0600056984  0.355
1956  1070.4841041454  0.352
1957  1070.9081735336  0.35
1958  1071.3322138610  0.347
1959  1071.7562251253  0.344
1960  1072.1802073244  0.342
1961  1072.6041604560  0.339
1962  1073.0280845181  0.337
1963  1073.4519795083  0.334
1964  1073.8758454245  0.332
1965  1074.2996822645  0.329
1966  1074.7234900262  0.327
1967  1075.1472687073  0.324
1968  1075.5710183057  0.322
1969  1075.9947388192  0.319
1970  1076.4184302456  0.316
1971  1076.8420925827  0.314
1972  1077.2657258283  0.311
1973  1077.6893299803  0.309
1974  1078.1129050364  0.306
1975  1078.5364509945  0.304
1976  1078.9599678524  0.301
1977  1079.3834556079  0.299
1978  1079.8069142588  0.296
1979  1080.2303438030  0.294
1980  1080.6537442382  0.292
1981  1081.0771155622  0.29
1982  1081.5004577730  0.288
1983  1081.9237708682  0.286
1984  1082.3470548457  0.284
1985  1082.7703097034  0.282
1986  1083.1935354390  0.28
1987  1083.6167320503  0.278
1988  1084.0398995353  0.276
1989  1084.4630378916  0.274
1990  1084.8861471171  0.272
1991  1085.3092272096  0.27
1992  1085.7322781669  0.268
1993  1086.1552999869  0.266
1994  1086.5782926674  0.264
1995  1087.0012562061  0.262
1996  1087.4241906009  0.26
1997  1087.8470958496  0.258
1998  1088.2699719500  0.256
1999  1088.6928189000  0.254
2000  1089.1156366973  0.252
2001  1089.5384253398  0.25
2002  1089.9611848252  0.248
2003  1090.3839151515  0.246
2004  1090.8066163163  0.244
2005  1091.2292883176  0.242
2006  1091.6519311531  0.24
2007  1092.0745448207  0.238
2008  1092.4971293181  0.236
2009  1092.9196846432  0.234
2010  1093.3422107938  0.232
2011  1093.7647077678  0.23
2012  1094.1871755628  0.228
2013  1094.6096141768  0.226
2014  1095.0320236076  0.224
2015  1095.4544038529  0.222
2016  1095.8767549106  0.22
2017  1096.2990767785  0.218
2018  1096.7213694545  0.216
2019  1097.1436329362  0.214
2020  1097.5658672216  0.212
2021  1097.9880723085  0.21
2022  1098.4102481947  0.208
2023  1098.8323948779  0.206
2024  1099.2545123561  0.204
2025  1099.6766006270  0.202
2026  1100.0986596884  0.2
2027  1100.5206895381  0.198
2028  1100.9426901741  0.196
2029  1101.3646615940  0.194
2030  1101.7866037957  0.192
2031  1102.2085167770  0.19
2032  1102.6304005358  0.188
2033  1103.0522550698  0.186
2034  1103.4740803768  0.183
2035  1103.8958764547  0.181
2036  1104.3176433014  0.179
2037  1104.7393809145  0.177
2038  1105.1610892919  0.175
2039  1105.5827684315  0.173
2040  1106.0044183310  0.171
2041  1106.4260389882  0.169
2042  1106.8476304011  0.167
2043  1107.2691925673  0.165
2044  1107.6907254848  0.163
2045  1108.1122291512  0.161
2046  1108.5337035645  0.159
